-0.940318, 0.00452241, 0.339885, 24.7, -0.101514, -0.957892, -0.268101, -121.7, 0.324403, -0.286641, 0.9013, -1551.76
-0.94146, 0.0032108, 0.336806, 24.8, -0.0993487, -0.958016, -0.268572, -122.14, 0.321836, -0.286341, 0.902345, -1551.4
-0.941584, 0.00107668, 0.336133, 24.86, -0.0975731, -0.957606, -0.270257, -122.59, 0.321662, -0.287329, 0.901966, -1551.23
-0.941101, 0.00197468, 0.337541, 24.81, -0.0978551, -0.958449, -0.267223, -122.44, 0.323051, -0.28457, 0.902367, -1551.43
-0.940003, 0.0029642, 0.340505, 24.68, -0.0988049, -0.959105, -0.264413, -122.16, 0.325868, -0.282255, 0.902053, -1552.08
-0.938384, 0.00289728, 0.345149, 24.48, -0.0977124, -0.961145, -0.25759, -122.15, 0.331042, -0.275485, 0.902341, -1553.06
-0.936727, -0.0015822, 0.349841, 24.22, -0.0932134, -0.962639, -0.25394, -122.95, 0.337198, -0.270503, 0.901651, -1554.51
-0.931893, -0.0214867, 0.361571, 23.64, -0.0675209, -0.970249, -0.231683, -127.58, 0.35586, -0.240363, 0.902889, -1558.26
-0.930437, -0.0376147, 0.36414, 23.41, -0.0465929, -0.974314, -0.219696, -131.55, 0.363101, -0.22141, 0.904909, -1559.73
-0.930072, -0.0565543, 0.362806, 23.27, -0.0233533, -0.976888, -0.212145, -136.19, 0.366444, -0.205797, 0.907319, -1560.48
-0.931529, -0.0953393, 0.350267, 23.2, 0.0279265, -0.980628, -0.192647, -146.25, 0.361935, -0.169715, 0.916364, -1559.35
-0.932486, -0.116815, 0.34116, 23.13, 0.0519133, -0.979506, -0.193493, -151.26, 0.356849, -0.162754, 0.919639, -1557.96
-0.93438, -0.134859, 0.329606, 23.1, 0.0731659, -0.97843, -0.192912, -155.72, 0.348531, -0.156146, 0.924142, -1556.19
-0.938938, -0.170009, 0.298734, 23.07, 0.116021, -0.974762, -0.190073, -164.58, 0.323549, -0.143825, 0.935083, -1550.74
-0.942196, -0.189394, 0.276092, 22.98, 0.138068, -0.97097, -0.194896, -169.32, 0.305015, -0.145523, 0.941073, -1546.88
-0.944641, -0.208448, 0.252782, 22.79, 0.159605, -0.966447, -0.200507, -173.99, 0.286139, -0.149085, 0.946359, -1542.59
-0.947461, -0.225441, 0.226754, 22.47, 0.180177, -0.962244, -0.203826, -178.35, 0.264153, -0.152268, 0.952345, -1537.9
-0.952715, -0.249658, 0.172081, 21.78, 0.212193, -0.954264, -0.20967, -185.32, 0.216599, -0.163273, 0.962307, -1527.6
-0.956045, -0.255341, 0.143209, 21.52, 0.223471, -0.952469, -0.206381, -187.55, 0.189125, -0.165329, 0.967795, -1521.98
-0.959377, -0.256858, 0.116085, 21.34, 0.230275, -0.951702, -0.202713, -188.82, 0.162558, -0.167759, 0.972259, -1516.27
-0.967262, -0.244906, 0.06336, 21.26, 0.229094, -0.95425, -0.191081, -188.2, 0.10728, -0.170345, 0.979318, -1504.37
-0.971909, -0.232157, 0.036727, 21.36, 0.221458, -0.956834, -0.187828, -186.47, 0.0787531, -0.174431, 0.981441, -1498.29
-0.981465, -0.190542, -0.00574104, 21.98, 0.188569, -0.966004, -0.175755, -179.3, 0.0279484, -0.173614, 0.98422, -1487.54
-0.985777, -0.166432, -0.0206226, 22.36, 0.167479, -0.970587, -0.172605, -174.72, 0.00871144, -0.173614, 0.984715, -1483.45
-0.989513, -0.14003, -0.0313835, 22.81, 0.143344, -0.974802, -0.170126, -169.62, -0.00677074, -0.172864, 0.984785, -1480.3
-0.996108, -0.0789903, -0.0380902, 23.91, 0.0845713, -0.980166, -0.17901, -157.64, -0.0231956, -0.181542, 0.98307, -1476.71
-0.998276, -0.0448924, -0.0338041, 24.49, 0.0502678, -0.982224, -0.180057, -150.51, -0.0251236, -0.181472, 0.982929, -1476.21
-0.999434, -0.00875316, -0.0285446, 24.91, 0.013942, -0.982143, -0.186978, -143.1, -0.0264014, -0.187293, 0.981827, -1475.96
-0.999363, 0.0256096, -0.0205073, 25.2, -0.021378, -0.982399, -0.185034, -135.69, -0.0248875, -0.184496, 0.982418, -1476.37
-0.995999, 0.0877977, 0.00272946, 25.3, -0.0869769, -0.98139, -0.170407, -121.47, -0.0122843, -0.169986, 0.985233, -1478.92
-0.993142, 0.115107, 0.0157939, 25.13, -0.116155, -0.980555, -0.157638, -114.97, -0.00265862, -0.158405, 0.987284, -1480.79
-0.98967, 0.139256, 0.0305897, 24.89, -0.14233, -0.977569, -0.154519, -109.32, 0.00838684, -0.157294, 0.987403, -1483.1
-0.985814, 0.160447, 0.0474997, 24.61, -0.165818, -0.97479, -0.148718, -104.2, 0.0224427, -0.154498, 0.987651, -1486.01
-0.981474, 0.179185, 0.0670799, 24.32, -0.187246, -0.9716, -0.144325, -99.59, 0.0393161, -0.154219, 0.987202, -1489.43
-0.976214, 0.198483, 0.0869023, 23.89, -0.20914, -0.968001, -0.138477, -94.87, 0.056638, -0.153362, 0.986516, -1493.23
-0.963116, 0.234997, 0.129653, 22.63, -0.249812, -0.961483, -0.11301, -85.59, 0.0981204, -0.141257, 0.984909, -1501.85
-0.955133, 0.25258, 0.154122, 21.74, -0.269292, -0.957857, -0.099104, -81.02, 0.122605, -0.136173, 0.982982, -1506.94
-0.945747, 0.270483, 0.179481, 20.62, -0.288152, -0.954095, -0.0805218, -76.53, 0.149476, -0.127883, 0.980365, -1512.52
-0.936126, 0.2867, 0.203411, 19.4, -0.304553, -0.950425, -0.0620102, -72.5, 0.175557, -0.120004, 0.977079, -1518.06
-0.927027, 0.297427, 0.227715, 18.35, -0.315314, -0.947722, -0.0457861, -69.72, 0.202224, -0.114264, 0.972494, -1523.64
-0.918979, 0.30279, 0.251954, 17.49, -0.320901, -0.946367, -0.0331432, -68.18, 0.228441, -0.111328, 0.967009, -1529.02
-0.912879, 0.302189, 0.274055, 16.95, -0.321328, -0.946471, -0.0267102, -67.9, 0.251342, -0.112457, 0.961225, -1534.07
-0.907458, 0.298386, 0.295282, 16.54, -0.319163, -0.947249, -0.0236431, -68.27, 0.272691, -0.115715, 0.954963, -1538.91
-0.89569, 0.29152, 0.33524, 15.42, -0.314791, -0.948832, -0.0159647, -68.92, 0.31349, -0.119852, 0.941801, -1547.8
-0.889307, 0.288992, 0.353892, 14.71, -0.312825, -0.949552, -0.010693, -69.14, 0.333011, -0.120238, 0.935024, -1552.18
-0.882113, 0.285467, 0.374445, 13.89, -0.310194, -0.950561, -0.00607022, -69.59, 0.354231, -0.121516, 0.927134, -1556.94
-0.86764, 0.27397, 0.414648, 12.27, -0.300488, -0.953675, 0.00135596, -71.38, 0.395852, -0.123433, 0.909867, -1566.03
-0.861799, 0.267314, 0.430631, 11.6, -0.293908, -0.95561, 0.00501226, -72.61, 0.412938, -0.122271, 0.902291, -1569.99
-0.856631, 0.26009, 0.445461, 10.98, -0.284639, -0.958504, 0.012273, -74.34, 0.43019, -0.116288, 0.895161, -1573.82
-0.851424, 0.248719, 0.461421, 10.42, -0.271423, -0.962136, 0.0177832, -76.87, 0.448442, -0.110116, 0.88683, -1577.86
-0.84146, 0.215749, 0.495032, 9.45, -0.23589, -0.971346, 0.0223718, -84.15, 0.485757, -0.0979647, 0.86839, -1586.21
-0.833403, 0.192302, 0.517831, 8.63, -0.213551, -0.976589, 0.0189745, -88.94, 0.509436, -0.0947847, 0.855091, -1591.32
-0.825978, 0.167148, 0.538077, 7.69, -0.187077, -0.982032, 0.0178848, -94.48, 0.531477, -0.0859021, 0.84253, -1596.44
-0.818183, 0.132402, 0.55935, 6.75, -0.157371, -0.987445, 0.00354144, -101.17, 0.552844, -0.0851354, 0.828819, -1601.39
-0.808422, 0.0541729, 0.585751, 5.44, -0.0899077, -0.995226, -0.0320427, -116.46, 0.58134, -0.0785839, 0.809601, -1608.33
-0.803081, 0.0100666, 0.59565, 4.72, -0.0514222, -0.997217, -0.0524765, -125.12, 0.593512, -0.0727783, 0.801428, -1610.79
-0.798899, -0.0424111, 0.59977, 4.08, -0.0117154, -0.996103, -0.0860417, -134.54, 0.601154, -0.0757742, 0.795383, -1612.39
-0.797387, -0.088848, 0.596653, 3.5, 0.0270281, -0.993222, -0.11178, -143.44, 0.602626, -0.0730159, 0.794497, -1613.07
-0.796336, -0.135384, 0.589267, 2.98, 0.0644107, -0.98792, -0.139931, -152.16, 0.601179, -0.073487, 0.79555, -1612.87
-0.795784, -0.177834, 0.578442, 2.52, 0.101278, -0.981264, -0.162345, -160.67, 0.596626, -0.0706263, 0.799088, -1611.9
-0.796939, -0.250089, 0.549737, 1.74, 0.172027, -0.96647, -0.190287, -176.3, 0.578931, -0.0570816, 0.813294, -1607.84
-0.79925, -0.278606, 0.532206, 1.56, 0.204765, -0.959103, -0.194574, -183.18, 0.564744, -0.0465437, 0.823749, -1604.77
-0.801028, -0.300273, 0.517559, 1.57, 0.23232, -0.953053, -0.193373, -188.96, 0.551415, -0.0346642, 0.833317, -1601.27
-0.80568, -0.320453, 0.497854, 1.8, 0.258071, -0.946732, -0.191745, -194.25, 0.532868, -0.0260078, 0.845603, -1597.28
-0.810647, -0.334607, 0.480012, 2.24, 0.278268, -0.941937, -0.186666, -198.29, 0.514723, -0.0177526, 0.856894, -1593.11
-0.823863, -0.355016, 0.441671, 3.65, 0.308378, -0.934742, -0.17612, -204.17, 0.475407, -0.00889779, 0.87964, -1584.39
-0.831845, -0.35621, 0.425115, 4.81, 0.318414, -0.934175, -0.1597, -205.75, 0.454115, 0.00251731, 0.890701, -1579.55
-0.842006, -0.353, 0.407612, 6.37, 0.324508, -0.935365, -0.139708, -206.39, 0.430641, 0.0146409, 0.902255, -1574.12
-0.853663, -0.348098, 0.387, 8.15, 0.329046, -0.936883, -0.11688, -206.64, 0.403323, 0.0275692, 0.914468, -1568.07
-0.877584, -0.335544, 0.342321, 11.69, 0.333773, -0.9403, -0.0660148, -205.87, 0.344048, 0.0563258, 0.937222, -1554.82
-0.890486, -0.330502, 0.312412, 13.41, 0.333316, -0.941583, -0.0460345, -205.22, 0.309407, 0.0631452, 0.948724, -1547.18
-0.902014, -0.327889, 0.280115, 14.78, 0.333228, -0.942165, -0.0298061, -204.61, 0.273742, 0.0664699, 0.959298, -1539.39
-0.91277, -0.322828, 0.249926, 16.05, 0.330734, -0.943571, -0.0109099, -203.48, 0.239365, 0.0727069, 0.968116, -1531.79
-0.92313, -0.312315, 0.223723, 17.36, 0.324031, -0.945772, 0.0167341, -201.18, 0.206389, 0.0879513, 0.974386, -1524.6
-0.940587, -0.289833, 0.176028, 19.42, 0.303777, -0.950837, 0.0576316, -195.6, 0.150693, 0.107697, 0.98254, -1512.72
-0.94746, -0.278631, 0.156517, 20.17, 0.291892, -0.953872, 0.0688565, -192.73, 0.130124, 0.110935, 0.985178, -1508.3
-0.95418, -0.264495, 0.139714, 20.96, 0.27728, -0.9573, 0.0814107, -189.18, 0.112219, 0.116424, 0.986807, -1504.3
-0.961654, -0.246259, 0.119654, 21.87, 0.258029, -0.961285, 0.0953488, -184.78, 0.0915533, 0.122583, 0.988094, -1500.21
-0.96862, -0.227919, 0.0980029, 22.6, 0.238267, -0.964666, 0.111465, -180.13, 0.0691429, 0.131332, 0.988811, -1495.68
-0.979828, -0.192479, 0.0527299, 23.44, 0.19809, -0.970126, 0.139669, -170.64, 0.0242726, 0.147305, 0.988738, -1486.1
-0.983609, -0.176633, 0.0319265, 23.58, 0.179476, -0.970411, 0.160614, -166.13, 0.00261252, 0.163735, 0.986352, -1481.65
-0.986954, -0.1605, 0.0111464, 23.5, 0.160137, -0.973311, 0.164271, -161.78, -0.0155169, 0.163916, 0.986333, -1477.58
-0.992041, -0.120949, -0.03256, 23.17, 0.114222, -0.980227, 0.161065, -152.34, -0.0514011, 0.156077, 0.986322, -1470.31
-0.993773, -0.0969338, -0.0515552, 22.94, 0.0878124, -0.983563, 0.156626, -146.95, -0.065902, 0.151151, 0.986129, -1467.29
-0.995077, -0.0681509, -0.0708208, 22.57, 0.0573703, -0.987767, 0.14444, -141.02, -0.0798046, 0.139677, 0.986894, -1464.41
-0.995714, -0.0333974, -0.0855911, 22.16, 0.0212108, -0.989935, 0.139517, -133.66, -0.0893943, 0.137111, 0.986456, -1462.13
-0.992748, 0.0497284, -0.108349, 20.75, -0.0614922, -0.992118, 0.108075, -117.35, -0.102133, 0.113967, 0.9881, -1459.42
-0.989414, 0.0930077, -0.110654, 19.96, -0.102666, -0.990992, 0.0850307, -109.44, -0.101757, 0.0954988, 0.990131, -1459.46
-0.984888, 0.136129, -0.10681, 19.2, -0.142667, -0.988149, 0.0561305, -102.14, -0.097906, 0.0705225, 0.992665, -1460.38
-0.980184, 0.171299, -0.0973048, 18.63, -0.176414, -0.982996, 0.0465748, -95.45, -0.0876908, 0.0628312, 0.993949, -1462.51
-0.967758, 0.245254, -0.0571568, 17.34, -0.245539, -0.96937, -0.0020914, -82.68, -0.0559198, 0.0120104, 0.998349, -1469
-0.95978, 0.278638, -0.02855, 16.68, -0.278025, -0.960091, -0.0236451, -76.62, -0.0340053, -0.0147592, 0.999129, -1473.65
-0.951736, 0.306589, 0.00472652, 16.03, -0.306575, -0.951192, -0.0326562, -70.96, -0.00551668, -0.032532, 0.999366, -1479.5
-0.941779, 0.333518, 0.0383346, 15.11, -0.334774, -0.941537, -0.0329578, -65.17, 0.0251058, -0.04388, 0.998547, -1485.8
-0.931094, 0.358085, 0.0689606, 13.92, -0.360639, -0.932221, -0.0286324, -59.61, 0.0540359, -0.0515315, 0.997166, -1492.26
-0.919136, 0.380029, 0.101941, 12.55, -0.383119, -0.923419, -0.0118976, -54.44, 0.0896296, -0.0500005, 0.994531, -1499.57
-0.90793, 0.395494, 0.137575, 11.37, -0.398677, -0.916904, 0.00479636, -50.6, 0.12806, -0.0505012, 0.990318, -1507.61
-0.895262, 0.409427, 0.174418, 10.01, -0.410565, -0.911048, 0.0312149, -47.37, 0.171723, -0.0436744, 0.983946, -1516.7
-0.880908, 0.4244, 0.208982, 8.23, -0.420403, -0.904854, 0.0654774, -44.22, 0.21691, -0.0301803, 0.975616, -1526.25
-0.867987, 0.431867, 0.24477, 6.73, -0.424275, -0.90136, 0.085806, -42.71, 0.257706, -0.029374, 0.965685, -1535.17
-0.850464, 0.425575, 0.308541, 5.23, -0.408623, -0.904409, 0.121134, -44.79, 0.330664, -0.0230611, 0.943255, -1551.14
-0.84351, 0.419273, 0.335594, 4.69, -0.39515, -0.907713, 0.140845, -46.98, 0.363689, -0.0138068, 0.931377, -1558.19
-0.838484, 0.413577, 0.354364, 4.26, -0.379016, -0.91028, 0.165569, -49.56, 0.39111, 0.00451828, 0.920156, -1564.57
-0.82921, 0.388799, 0.401318, 3.95, -0.333416, -0.920574, 0.202947, -57.82, 0.448391, 0.0344831, 0.893066, -1577.07
-0.825569, 0.367854, 0.427646, 4.03, -0.304202, -0.928686, 0.211579, -63.56, 0.475036, 0.0445875, 0.878701, -1583.09
-0.822181, 0.33912, 0.457012, 4.31, -0.269779, -0.939291, 0.211647, -70.79, 0.501081, 0.0507239, 0.863822, -1588.99
-0.820453, 0.298374, 0.487397, 4.92, -0.230882, -0.953132, 0.194835, -79.5, 0.522759, 0.0473283, 0.851006, -1594.11
-0.819498, 0.204777, 0.535006, 6.32, -0.144145, -0.977472, 0.153339, -99.04, 0.554425, 0.0485486, 0.830661, -1601.59
-0.820427, 0.157086, 0.549382, 6.99, -0.101313, -0.986035, 0.130642, -108.7, 0.562345, 0.0515332, 0.825051, -1603.35
-0.824193, 0.104792, 0.556361, 7.97, -0.0585675, -0.993138, 0.100297, -118.68, 0.563106, 0.0500845, 0.824752, -1603.56
-0.830052, 0.0474566, 0.555518, 9.02, -0.0133514, -0.997697, 0.0652813, -129.3, 0.557382, 0.0467737, 0.828841, -1602.52
-0.83396, -0.0151681, 0.551327, 9.71, 0.0346167, -0.998931, 0.0248799, -140.61, 0.550449, 0.0398403, 0.833727, -1600.97
-0.836052, -0.0753696, 0.543293, 9.84, 0.0813756, -0.996514, -0.0130181, -151.68, 0.542426, 0.0333298, 0.839341, -1599.13
-0.836564, -0.184786, 0.515374, 8.88, 0.168562, -0.982346, -0.0786048, -171.94, 0.520906, 0.0211188, 0.853115, -1594.65
-0.834093, -0.228052, 0.502135, 7.89, 0.20699, -0.973327, -0.0982216, -180.62, 0.511177, 0.0220126, 0.859111, -1592.35
-0.831638, -0.267956, 0.485957, 6.86, 0.242103, -0.962991, -0.116671, -188.54, 0.499341, 0.0206282, 0.865916, -1589.71
-0.829509, -0.343324, 0.4402, 4.84, 0.308846, -0.939007, -0.150371, -203.46, 0.465039, 0.0112212, 0.885068, -1581.97
-0.830564, -0.376625, 0.409993, 4.07, 0.340224, -0.926231, -0.161622, -210.43, 0.440668, 0.00525306, 0.897531, -1576.48
-0.837351, -0.436119, 0.329378, 2.83, 0.397237, -0.899561, -0.181216, -222.93, 0.375357, -0.0209021, 0.926562, -1562.07
-0.84078, -0.460995, 0.283298, 2.01, 0.422586, -0.886388, -0.188207, -228.45, 0.337928, -0.0385289, 0.940215, -1553.95
-0.844872, -0.478444, 0.238369, 1.42, 0.443057, -0.876221, -0.188346, -232.74, 0.299046, -0.0535293, 0.952493, -1545.52
-0.856342, -0.493371, 0.15205, 1, 0.467729, -0.866084, -0.176026, -237.47, 0.21855, -0.0796263, 0.972498, -1528.01
-0.864086, -0.489675, 0.115842, 1.41, 0.470157, -0.867706, -0.160887, -237.51, 0.179313, -0.0845623, 0.980072, -1519.5
-0.872533, -0.481663, 0.0792656, 2, 0.467715, -0.871398, -0.146643, -236.59, 0.139732, -0.0908951, 0.985804, -1511.05
-0.896437, -0.442852, 0.0152897, 4.88, 0.439011, -0.89229, -0.105073, -229.2, 0.0601763, -0.0874815, 0.994323, -1494.05
-0.909317, -0.415771, -0.0151184, 6.59, 0.415476, -0.905573, -0.0852541, -223.65, 0.0217559, -0.0838064, 0.99622, -1485.83
-0.931881, -0.354309, -0.076722, 9.34, 0.359088, -0.931202, -0.0611768, -211.12, -0.0497725, -0.0845669, 0.995086, -1471.11
-0.941965, -0.320642, -0.0985896, 10.63, 0.326569, -0.943708, -0.050965, -203.93, -0.0767048, -0.0802104, 0.993736, -1465.24
-0.951382, -0.282772, -0.12127, 11.9, 0.290198, -0.955638, -0.048335, -196.35, -0.102232, -0.0811856, 0.991338, -1460.12
-0.969326, -0.1946, -0.149509, 14.67, 0.202557, -0.978366, -0.0398216, -177.75, -0.138538, -0.0688906, 0.987864, -1452.39
-0.976448, -0.146952, -0.157078, 15.89, 0.153971, -0.987368, -0.0334153, -167.27, -0.150205, -0.0568217, 0.986878, -1449.89
-0.986104, -0.0440884, -0.159545, 17.87, 0.0503609, -0.998, -0.0354812, -145.64, -0.157677, -0.0430273, 0.986451, -1448.41
-0.988204, 0.0115669, -0.151344, 18.54, -0.00557808, -0.99898, -0.0399275, -134.11, -0.151683, -0.0386203, 0.987465, -1449.52
-0.988582, 0.0645894, -0.13508, 19.13, -0.0606338, -0.997464, -0.033196, -122.39, -0.136901, -0.02463, 0.990133, -1452.34
-0.983699, 0.154753, -0.0909848, 19.55, -0.155171, -0.987829, -0.00249866, -101.54, -0.090269, 0.0116609, 0.995794, -1461.85
-0.978898, 0.193078, -0.063769, 19.44, -0.194418, -0.980587, 0.0154446, -92.73, -0.0595614, 0.0275222, 0.997638, -1468.14
-0.973086, 0.227753, -0.0340096, 19.14, -0.229027, -0.972562, 0.0399368, -84.75, -0.0239816, 0.0466528, 0.998586, -1475.37
-0.965644, 0.259787, -0.00244196, 18.72, -0.259445, -0.963799, 0.0611785, -77.66, 0.01354, 0.0597113, 0.998106, -1483.56
-0.947198, 0.313522, 0.0659567, 17.13, -0.304395, -0.944868, 0.119998, -66.41, 0.099951, 0.0935931, 0.990495, -1501.49
-0.936699, 0.33564, 0.0984581, 16.02, -0.319876, -0.935845, 0.14706, -62.35, 0.141518, 0.10627, 0.98409, -1510.3
-0.92678, 0.351622, 0.130995, 15.07, -0.328448, -0.928975, 0.169844, -59.84, 0.181438, 0.114399, 0.976582, -1518.86
-0.917077, 0.363423, 0.162896, 14.14, -0.332979, -0.924031, 0.186905, -58.38, 0.218486, 0.117186, 0.968594, -1526.9
-0.896832, 0.380551, 0.224909, 12.02, -0.336233, -0.917516, 0.211717, -56.94, 0.286968, 0.11427, 0.950949, -1541.85
-0.886507, 0.384495, 0.257071, 10.98, -0.333315, -0.916399, 0.221203, -57.2, 0.32066, 0.110422, 0.940638, -1548.86
-0.877015, 0.384547, 0.287611, 10.07, -0.327549, -0.916969, 0.227225, -58.24, 0.351153, 0.105086, 0.930269, -1555.53
-0.86924, 0.375853, 0.320501, 9.55, -0.31611, -0.921756, 0.223617, -60.74, 0.379553, 0.0930834, 0.920239, -1561.89
-0.855474, 0.34516, 0.385528, 8.86, -0.282108, -0.935545, 0.211596, -68.21, 0.4338, 0.0722686, 0.897885, -1573.92
-0.848542, 0.322994, 0.418884, 8.62, -0.261229, -0.94443, 0.199057, -73.01, 0.459944, 0.0594893, 0.885847, -1579.52
-0.8438, 0.299321, 0.445192, 8.38, -0.237542, -0.952472, 0.190157, -78.3, 0.481002, 0.0547081, 0.87489, -1584.69
-0.837761, 0.269193, 0.474809, 8.15, -0.209973, -0.961821, 0.174825, -84.58, 0.503806, 0.0467702, 0.862406, -1589.82
-0.826003, 0.192095, 0.529626, 7.51, -0.141182, -0.980514, 0.135445, -100.19, 0.54541, 0.0371104, 0.837159, -1599.33
-0.820171, 0.143854, 0.553374, 7.03, -0.103241, -0.988993, 0.10408, -109.22, 0.562368, 0.0282381, 0.826161, -1603.44
-0.814998, 0.093378, 0.57169, 6.42, -0.0647038, -0.995308, 0.0703291, -118.38, 0.575641, 0.0203299, 0.81731, -1606.67
-0.809764, -0.0100987, 0.58633, 5.66, 0.0112082, -0.999737, -0.00173968, -136.57, 0.58631, 0.005164, 0.809825, -1609.37
-0.809121, -0.0651636, 0.583842, 5.37, 0.05238, -0.997771, -0.0387719, -146.42, 0.585127, -0.00078966, 0.810814, -1609.15
-0.806768, -0.122605, 0.577776, 4.77, 0.0970816, -0.992311, -0.075011, -156.88, 0.582608, -0.00442568, 0.812576, -1608.27
-0.798927, -0.239181, 0.551552, 2.19, 0.191363, -0.970776, -0.143786, -178.8, 0.569909, -0.00932952, 0.821472, -1605.6
-0.793312, -0.299048, 0.53018, 0.28, 0.237561, -0.953979, -0.182628, -189.67, 0.560433, -0.0189317, 0.827901, -1603.38
-0.790143, -0.395716, 0.467962, -2.46, 0.316891, -0.917366, -0.240676, -208.09, 0.524556, -0.0418772, 0.850289, -1595.41
-0.79275, -0.431804, 0.429665, -3.19, 0.349377, -0.899967, -0.259834, -215.45, 0.499002, -0.0558822, 0.864519, -1589.69
-0.797562, -0.459111, 0.390866, -3.55, 0.377851, -0.885653, -0.26928, -221.73, 0.46988, -0.06709, 0.879986, -1583.29
-0.809257, -0.501083, 0.306175, -3.86, 0.427511, -0.860133, -0.277721, -232.27, 0.402568, -0.0938676, 0.910413, -1568.56
-0.816091, -0.514306, 0.263082, -3.8, 0.447216, -0.850694, -0.275762, -236.37, 0.365679, -0.107407, 0.924376, -1560.29
-0.830459, -0.527453, 0.178302, -3.58, 0.477775, -0.839501, -0.258129, -242.17, 0.285884, -0.1292, 0.949336, -1543.18
-0.837699, -0.527064, 0.142154, -3.19, 0.487078, -0.839219, -0.241267, -243.62, 0.246493, -0.132886, 0.959858, -1534.68
-0.846624, -0.520514, 0.108753, -2.37, 0.489721, -0.842897, -0.221884, -243.58, 0.207209, -0.134625, 0.96875, -1525.99
-0.87013, -0.491012, 0.0396625, 0.28, 0.476426, -0.859276, -0.185623, -239.57, 0.125237, -0.142635, 0.981715, -1508.61
-0.884237, -0.466666, 0.00709764, 2.1, 0.45856, -0.871507, -0.172921, -235.53, 0.0868948, -0.14967, 0.98476, -1500.2
-0.898659, -0.437561, -0.0269291, 4.03, 0.435591, -0.88431, -0.167417, -230.53, 0.049447, -0.162199, 0.985403, -1492.27
-0.913746, -0.401164, -0.0630889, 5.96, 0.405839, -0.896574, -0.176902, -224.74, 0.0144039, -0.187262, 0.982125, -1484.91
-0.942754, -0.319059, -0.0960138, 11.02, 0.330893, -0.930328, -0.157483, -208.47, -0.0390818, -0.180256, 0.982742, -1474.07
-0.954961, -0.276828, -0.10522, 13.24, 0.290589, -0.944411, -0.152646, -199.85, -0.0571242, -0.176377, 0.982488, -1470.1
-0.966006, -0.231792, -0.113577, 15.27, 0.247239, -0.957299, -0.149151, -190.71, -0.0741624, -0.172179, 0.982165, -1466.5
-0.981976, -0.149954, -0.114795, 18.47, 0.163197, -0.979689, -0.116264, -171.97, -0.0950321, -0.132906, 0.986533, -1461.54
-0.987205, -0.116116, -0.107654, 19.82, 0.124119, -0.989555, -0.0708554, -162.32, -0.0983192, -0.0833254, 0.991481, -1460.67
-0.991424, -0.0855392, -0.0975823, 21, 0.0868806, -0.996053, -0.0095706, -152.47, -0.09639, -0.0179687, 0.995061, -1460.89
-0.996295, -0.0174291, -0.0839811, 22.32, 0.0117271, -0.997603, 0.0679165, -134.08, -0.0849651, 0.0666813, 0.994131, -1462.83
-0.996524, 0.0193175, -0.0793698, 22.59, -0.026985, -0.994815, 0.0966852, -125.05, -0.0771009, 0.0985041, 0.992011, -1464.76
-0.992766, 0.099184, -0.0650418, 22.31, -0.107146, -0.985103, 0.133211, -107.03, -0.0508693, 0.13924, 0.988776, -1470.3
-0.988584, 0.138506, -0.0571769, 21.67, -0.145778, -0.977264, 0.153152, -98.33, -0.0346687, 0.159759, 0.986421, -1473.76
-0.982983, 0.176824, -0.0470754, 20.85, -0.18228, -0.968765, 0.167349, -90.28, -0.0160158, 0.173105, 0.98464, -1477.66
-0.970063, 0.241605, -0.0216298, 19, -0.241134, -0.950779, 0.194258, -77.1, 0.0263703, 0.193671, 0.980642, -1486.64
-0.955072, 0.295197, 0.0188216, 17.24, -0.283692, -0.932146, 0.224232, -67.31, 0.0837514, 0.208854, 0.974178, -1498.67
-0.946598, 0.318919, 0.0435049, 16.3, -0.299796, -0.922769, 0.241391, -63.39, 0.117149, 0.215495, 0.969272, -1505.87
-0.936647, 0.343291, 0.068232, 15.04, -0.314923, -0.911654, 0.263671, -59.57, 0.152734, 0.2255, 0.962098, -1513.52
-0.911932, 0.392229, 0.118744, 11.61, -0.341834, -0.887822, 0.307385, -52.51, 0.226038, 0.239776, 0.943916, -1529.24
-0.899385, 0.412711, 0.142426, 9.81, -0.35037, -0.876866, 0.328417, -50.05, 0.260493, 0.245531, 0.93347, -1536.76
-0.887202, 0.430054, 0.165574, 8.07, -0.355313, -0.867124, 0.348335, -48.36, 0.293451, 0.250277, 0.922353, -1543.76
-0.864626, 0.454632, 0.212994, 5.01, -0.356722, -0.854789, 0.376459, -47.16, 0.353279, 0.249562, 0.901414, -1556.8
-0.854344, 0.459991, 0.240966, 3.84, -0.350236, -0.852952, 0.38648, -48.12, 0.383395, 0.245846, 0.890016, -1563.43
-0.844439, 0.462467, 0.269994, 2.78, -0.341671, -0.853482, 0.393293, -49.77, 0.412351, 0.239881, 0.878791, -1569.91
-0.835282, 0.459075, 0.302128, 1.98, -0.329397, -0.858201, 0.393339, -52.29, 0.439919, 0.22906, 0.868177, -1576.01
-0.816685, 0.450939, 0.359783, 0.09, -0.301523, -0.86531, 0.400109, -57.92, 0.491806, 0.218306, 0.842754, -1587.71
-0.807004, 0.446308, 0.386358, -0.99, -0.286314, -0.868217, 0.404898, -60.93, 0.516224, 0.216165, 0.828555, -1593.17
-0.797516, 0.437067, 0.415495, -2.05, -0.270007, -0.87478, 0.401936, -64.41, 0.539222, 0.208396, 0.815786, -1598.45
-0.782652, 0.407633, 0.469975, -3.31, -0.23466, -0.892917, 0.383691, -72.45, 0.576173, 0.190051, 0.794663, -1606.94
-0.777904, 0.377874, 0.501585, -3.25, -0.210341, -0.90917, 0.358716, -78.38, 0.59172, 0.173585, 0.786922, -1610.51
-0.773787, 0.340558, 0.533843, -3.16, -0.179777, -0.926405, 0.330407, -85.73, 0.607164, 0.159715, 0.778176, -1614.18
-0.76736, 0.295212, 0.568924, -3.26, -0.144603, -0.944325, 0.294966, -94.22, 0.624431, 0.144102, 0.767454, -1617.97
-0.753626, 0.199946, 0.625959, -4.39, -0.0705906, -0.971589, 0.225361, -112.02, 0.653314, 0.125666, 0.746421, -1624.65
-0.7477, 0.14982, 0.646615, -4.98, -0.0337925, -0.981333, 0.188299, -120.95, 0.662884, 0.118964, 0.738949, -1627
-0.74336, 0.038573, 0.667528, -5.33, 0.0419279, -0.993514, 0.104101, -139.59, 0.667326, 0.10539, 0.737044, -1628.16
-0.745861, -0.0170114, 0.665647, -4.88, 0.0804147, -0.994501, 0.0646896, -148.82, 0.66099, 0.101793, 0.743245, -1626.49
-0.752082, -0.0756341, 0.654562, -4.07, 0.120052, -0.992394, 0.0232673, -158.41, 0.647889, 0.0960898, 0.755517, -1623.64
-0.765682, -0.18224, 0.616589, -2.58, 0.195063, -0.979478, -0.0472675, -176.44, 0.612653, 0.0840959, 0.78565, -1615.58
-0.772292, -0.234697, 0.590002, -2.1, 0.231811, -0.969097, -0.0820648, -185.18, 0.591142, 0.0734049, 0.802984, -1610.66
-0.777296, -0.2788, 0.563797, -1.93, 0.266776, -0.957817, -0.105846, -193.28, 0.569585, 0.0681416, 0.818973, -1605.59
-0.784299, -0.355917, 0.507785, -2.28, 0.330327, -0.932699, -0.143542, -207.72, 0.524792, 0.055165, 0.849233, -1595.36
-0.787125, -0.386721, 0.480002, -2.59, 0.357404, -0.92063, -0.155635, -213.81, 0.502212, 0.0490619, 0.863073, -1590.13
-0.799978, -0.436652, 0.411068, -2.25, 0.403188, -0.898926, -0.170231, -223.75, 0.443938, 0.0295623, 0.89535, -1577.09
-0.811275, -0.452441, 0.370092, -1.31, 0.420014, -0.891518, -0.16918, -227.25, 0.406521, 0.0181934, 0.913371, -1569
-0.822887, -0.463032, 0.329113, -0.21, 0.433159, -0.886226, -0.163806, -229.83, 0.367543, 0.00776464, 0.929897, -1560.2
-0.849615, -0.467404, 0.243714, 2.56, 0.446989, -0.883849, -0.136824, -231.87, 0.279399, -0.00731113, 0.959996, -1541.06
-0.873866, -0.454657, 0.171162, 5.25, 0.443957, -0.890413, -0.0985844, -230.06, 0.197262, -0.0101626, 0.98012, -1523
-0.886171, -0.442075, 0.137933, 6.7, 0.434752, -0.896763, -0.0809968, -227.49, 0.15952, -0.0118117, 0.986999, -1514.98
-0.899088, -0.42399, 0.10736, 8.41, 0.419278, -0.905385, -0.0643299, -223.72, 0.124499, -0.0128267, 0.991962, -1507.23
-0.925652, -0.37605, 0.0394681, 11.7, 0.374688, -0.926272, -0.0378404, -213.56, 0.0507931, -0.0202408, 0.998405, -1491.75
-0.937607, -0.347348, 0.00302084, 13.02, 0.347033, -0.937065, -0.0352791, -207.72, 0.0150866, -0.0320333, 0.999256, -1484.32
-0.947335, -0.318912, -0.0268828, 14.08, 0.319616, -0.947065, -0.0280116, -201.76, -0.0165276, -0.0351308, 0.999182, -1477.69
-0.963346, -0.259855, -0.0647653, 16.17, 0.261253, -0.965042, -0.0139861, -189.12, -0.0588741, -0.0303973, 0.99768, -1468.69
-0.970672, -0.228532, -0.0740384, 17.31, 0.229653, -0.973203, -0.00688492, -182.32, -0.0704841, -0.0236872, 0.997188, -1466.16
-0.977418, -0.193917, -0.08328, 18.44, 0.195054, -0.980717, -0.00566262, -175, -0.0805807, -0.0217801, 0.996452, -1464.03
-0.983777, -0.155062, -0.0893106, 19.53, 0.156057, -0.987657, -0.0042188, -166.71, -0.0875612, -0.0180894, 0.995914, -1462.46
-0.993, -0.0646933, -0.0976252, 21.23, 0.0634756, -0.997745, 0.0155299, -146.72, -0.0984213, 0.00922546, 0.994984, -1460.29
-0.995107, 0.0265619, -0.0932757, 21.76, -0.0305523, -0.998488, 0.0416085, -126.14, -0.0920459, 0.0442625, 0.994592, -1461.47
-0.994106, 0.0652139, -0.0855884, 21.73, -0.0705141, -0.99559, 0.0604308, -117.15, -0.0812772, 0.0661156, 0.994408, -1463.64
-0.991492, 0.103309, -0.0771196, 21.51, -0.109251, -0.990844, 0.0772649, -108.46, -0.0684424, 0.0850467, 0.993861, -1466.36
-0.981518, 0.183124, -0.0547706, 20.15, -0.18873, -0.973853, 0.126103, -90.27, -0.0302474, 0.134115, 0.990459, -1474.36
-0.969026, 0.246023, -0.0157274, 18.94, -0.245064, -0.954387, 0.169927, -77.04, 0.0267986, 0.168536, 0.985223, -1486.61
-0.96238, 0.270969, 0.0124167, 18.47, -0.263946, -0.946026, 0.187403, -72.58, 0.0625345, 0.177097, 0.982079, -1493.89
-0.953787, 0.297309, 0.0399895, 17.62, -0.283231, -0.936399, 0.206491, -67.97, 0.0988524, 0.185649, 0.977478, -1501.54
-0.93117, 0.351402, 0.0964199, 14.83, -0.320683, -0.915917, 0.241074, -59.13, 0.173039, 0.193575, 0.965631, -1517.44
-0.919976, 0.37097, 0.124995, 13.51, -0.332459, -0.908956, 0.250734, -56.35, 0.206671, 0.189152, 0.959743, -1524.63
-0.898106, 0.403573, 0.173355, 10.59, -0.348442, -0.894865, 0.27807, -52.09, 0.267415, 0.189378, 0.944533, -1537.78
-0.887428, 0.415333, 0.198925, 9.23, -0.349753, -0.888811, 0.295447, -51.26, 0.299576, 0.192652, 0.934206, -1544.66
-0.877215, 0.423649, 0.225451, 7.98, -0.347263, -0.884576, 0.311043, -51.3, 0.331233, 0.194579, 0.923167, -1551.64
-0.85821, 0.429206, 0.281319, 5.95, -0.333852, -0.883247, 0.329091, -53.49, 0.389745, 0.188521, 0.901355, -1564.38
-0.849789, 0.427153, 0.308617, 5.12, -0.324705, -0.885647, 0.331725, -55.38, 0.415055, 0.181701, 0.891381, -1570.16
-0.841407, 0.422033, 0.336864, 4.35, -0.312584, -0.889243, 0.333306, -57.79, 0.440318, 0.175187, 0.880332, -1575.63
-0.834245, 0.413567, 0.364463, 3.77, -0.299021, -0.894901, 0.331021, -60.75, 0.463096, 0.167184, 0.870303, -1580.73
-0.822208, 0.38621, 0.418043, 3.05, -0.266117, -0.910142, 0.317437, -68.06, 0.503091, 0.149755, 0.851127, -1589.73
-0.806044, 0.306483, 0.506175, 2.53, -0.193989, -0.944946, 0.263243, -84.98, 0.559029, 0.114001, 0.821183, -1602.62
-0.796868, 0.224554, 0.560481, 2.49, -0.136058, -0.970979, 0.195576, -99.29, 0.588261, 0.0796079, 0.804471, -1609.26
-0.795202, 0.185156, 0.577069, 2.71, -0.111353, -0.980445, 0.161138, -105.61, 0.595729, 0.0638908, 0.800415, -1610.92
-0.796202, 0.120143, 0.59278, 3.3, -0.0638758, -0.991178, 0.115094, -117.08, 0.60145, 0.0537798, 0.796947, -1612.55
-0.79749, 0.0913382, 0.596101, 3.66, -0.0427853, -0.994379, 0.0951248, -122.12, 0.601539, 0.0503651, 0.797047, -1612.64
-0.798617, 0.0708338, 0.597265, 3.97, -0.0262005, -0.995964, 0.0830849, -125.98, 0.60088, 0.0507162, 0.797436, -1612.42
-0.799878, 0.0535843, 0.597694, 4.23, -0.0131619, -0.997289, 0.0717946, -129.12, 0.599946, 0.0495622, 0.79845, -1612.13
-0.804412, 0.0286452, 0.593042, 4.87, 0.00547982, -0.998234, 0.0556497, -133.55, 0.593708, 0.0480247, 0.802996, -1610.98
-0.805786, 0.0167943, 0.59193, 5.15, 0.0129947, -0.998832, 0.0460284, -135.42, 0.592025, 0.044782, 0.804645, -1610.37
-0.807405, 0.00944384, 0.589699, 5.41, 0.0200872, -0.99872, 0.0434972, -137.01, 0.589433, 0.0469714, 0.806287, -1609.78
-0.806763, 0.00882216, 0.590566, 5.31, 0.0221236, -0.998592, 0.0451401, -137.35, 0.590218, 0.0494899, 0.805548, -1609.91
-0.805663, 0.00905304, 0.592099, 5.17, 0.0227302, -0.998551, 0.0461963, -137.42, 0.591732, 0.0506833, 0.804388, -1610.17
-0.805757, 0.0096117, 0.591908, 5.14, 0.0229089, -0.998459, 0.0473991, -137.42, 0.591543, 0.0517601, 0.804419, -1610.21
-0.806504, 0.0111562, 0.591063, 5.21, 0.0225562, -0.998478, 0.049624, -137.27, 0.590737, 0.053356, 0.805054, -1610.05
-0.806576, 0.0107051, 0.59089, 5.23, 0.0232451, -0.998403, 0.0498181, -137.44, 0.59053, 0.0539219, 0.805107, -1610.07
-0.805982, 0.0102143, 0.591558, 5.16, 0.0246513, -0.998229, 0.0508229, -137.68, 0.591133, 0.0555547, 0.804443, -1610.15
-0.804952, 0.00924156, 0.592943, 4.98, 0.0267124, -0.998106, 0.0518199, -138.04, 0.592413, 0.0575625, 0.803336, -1610.49
-0.805727, -0.00793732, 0.592006, 5.15, 0.0403125, -0.99819, 0.0414826, -141.22, 0.590685, 0.0572966, 0.804698, -1609.99
