%YAML:1.0
---
camera_matrix: !!opencv-matrix
   rows: 3
   cols: 3
   dt: d
   data: [ 4.4425429568001823e+02, 0., 3.3434352611158880e+02,
           0., 4.4931571360383407e+02, 2.8081307093327229e+02,
           0., 0., 1. ]
dist_coeff: !!opencv-matrix
   rows: 1
   cols: 5
   dt: d
   data: [ 5.2070842460554392e-02, 3.7190764811543799e-02,
       5.8139764458939487e-03, -3.0959421464819298e-03,
       -2.1587236436001844e-01 ]
