%YAML:1.0
---
camera_matrix: !!opencv-matrix
   rows: 3
   cols: 3
   dt: d
   data: [ 9.9307662279226884e+02, 0., 6.1747382780866951e+02, 0.,
       9.9747765494259227e+02, 4.0126945586011220e+02, 0., 0., 1. ]
dist_coeff: !!opencv-matrix
   rows: 1
   cols: 5
   dt: d
   data: [ 9.1717766210126520e-02, -4.8118444947699582e-02,
       8.8751966605246594e-03, -2.4264525822282248e-02,
       -4.6362918648974344e-01 ]
